0	20	0	0	0	0	0	0	0	0	0	0	0	0	0	0	0	0	0	0	0	0	0	0	0
20	0	0	30	0	0	0	0	0	0	0	0	0	0	0	0	0	0	0	0	0	0	0	0	0
0	0	0	45	40	0	0	0	0	0	0	0	0	0	0	0	0	0	0	0	0	0	0	0	0
0	30	45	0	30	40	0	0	0	0	0	0	0	0	0	0	0	0	0	0	0	0	0	0	0
0	0	40	30	0	0	40	0	0	0	0	0	0	0	0	0	0	0	0	0	0	0	0	0	0
0	0	0	40	0	0	15	20	0	0	0	0	0	0	0	0	0	0	0	0	0	0	0	0	0
0	0	0	0	40	15	0	0	10	0	0	0	0	0	0	0	0	0	0	0	0	0	0	0	0
0	0	0	0	0	20	0	0	25	15	0	0	0	0	0	0	0	0	0	0	0	0	0	0	0
0	0	0	0	0	0	10	25	0	40	0	0	0	0	0	0	50	0	0	0	0	0	0	0	0
0	0	0	0	0	0	0	15	40	0	60	0	0	0	0	0	0	0	0	0	0	0	0	0	0
0	0	0	0	0	0	0	0	0	60	0	25	0	15	0	0	120	0	0	0	0	0	0	0	0
0	0	0	0	0	0	0	0	0	0	25	0	10	0	30	0	0	0	0	0	0	0	0	0	0
0	0	0	0	0	0	0	0	0	0	0	10	0	0	0	0	0	0	0	0	0	0	0	0	0
0	0	0	0	0	0	0	0	0	0	15	0	0	0	15	0	0	0	120	0	0	0	0	0	0
0	0	0	0	0	0	0	0	0	0	0	30	0	15	0	0	0	0	0	0	0	0	0	0	0
0	0	50	0	0	0	0	0	0	0	0	0	0	0	0	0	10	10	0	0	0	0	0	0	0
0	0	0	0	0	0	0	0	50	0	120	0	0	0	0	10	0	0	15	15	0	0	0	0	0
0	0	0	0	0	0	0	0	0	0	0	0	0	0	0	10	0	0	0	20	0	0	0	0	0
0	0	0	0	0	0	0	0	0	0	0	0	0	120	0	0	15	0	0	15	0	120	0	0	0
0	0	0	0	0	0	0	0	0	0	0	0	0	0	0	0	15	20	15	0	120	0	0	0	0
0	0	0	0	0	0	0	0	0	0	0	0	0	0	0	0	0	0	0	120	0	15	15	20	0
0	0	0	0	0	0	0	0	0	0	0	0	0	0	0	0	0	0	120	0	15	0	0	25	0
0	0	0	0	0	0	0	0	0	0	0	0	0	0	0	0	0	0	0	0	15	0	0	0	15
0	0	0	0	0	0	0	0	0	0	0	0	0	0	0	0	0	0	0	0	20	25	0	0	20
0	0	0	0	0	0	0	0	0	0	0	0	0	0	0	0	0	0	0	0	0	0	15	20	0